1,undream,satya,99,10
2,The Girl With Soft Voice,Arpita Mishra,299,0
3,,,6.95136e-310,0
4,,,6.95136e-310,0
5,,,6.95136e-310,0
6,,,6.95136e-310,0
7,,,6.95136e-310,0
8,,,6.95136e-310,0
9,,,6.95136e-310,0
10,,,6.95136e-310,0
11,,,6.95136e-310,0
12,,,6.95136e-310,0
13,,,6.95136e-310,0
14,,,6.95136e-310,0
15,,,6.95136e-310,0
16,,,6.95136e-310,0
17,,,6.95136e-310,0
18,,,6.95136e-310,0
19,,,6.95136e-310,0
20,,,6.95136e-310,0
21,,,6.95136e-310,0
22,,,6.95136e-310,0
23,,,6.95136e-310,0
24,,,6.95136e-310,0
25,,,6.95136e-310,0
26,,,6.95136e-310,0
27,,,6.95136e-310,0
28,,,6.95136e-310,0
29,,,6.95136e-310,0
30,,,6.95136e-310,0
31,,,6.95136e-310,0
32,,,6.95136e-310,0
33,,,6.95136e-310,0
34,,,6.95136e-310,0
35,,,6.95136e-310,0
36,,,6.95136e-310,0
37,,,6.95136e-310,0
38,,,6.95136e-310,0
39,,,6.95136e-310,0
40,,,6.95136e-310,0
41,,,6.95136e-310,0
42,,,6.95136e-310,0
43,,,6.95136e-310,0
44,,,6.95136e-310,0
45,,,6.95136e-310,0
46,,,6.95136e-310,0
47,,,6.95136e-310,0
48,,,6.95136e-310,0
49,,,6.95136e-310,0
50,,,6.95136e-310,0
51,,,6.95136e-310,0
52,,,6.95136e-310,0
53,,,6.95136e-310,0
54,,,6.95136e-310,0
55,,,6.95136e-310,0
56,,,6.95136e-310,0
57,,,6.95136e-310,0
58,,,6.95136e-310,0
59,,,6.95136e-310,0
60,,,6.95136e-310,0
61,,,6.95136e-310,0
62,,,6.95136e-310,0
63,,,6.95136e-310,0
64,,,6.95136e-310,0
65,,,6.95136e-310,0
66,,,6.95136e-310,0
67,,,6.95136e-310,0
68,,,6.95136e-310,0
69,,,6.95136e-310,0
70,,,6.95136e-310,0
71,,,6.95136e-310,0
72,,,6.95136e-310,0
73,,,6.95136e-310,0
74,,,6.95136e-310,0
75,,,6.95136e-310,0
76,,,6.95136e-310,0
77,,,6.95136e-310,0
78,,,6.95136e-310,0
79,,,6.95136e-310,0
80,,,6.95136e-310,0
81,,,6.95136e-310,0
82,,,6.95136e-310,0
83,,,6.95136e-310,0
84,,,6.95136e-310,0
85,,,6.95136e-310,0
86,,,6.95136e-310,0
87,,,6.95136e-310,0
88,,,6.95136e-310,0
89,,,6.95136e-310,0
90,,,6.95136e-310,0
91,,,6.95136e-310,0
92,,,6.95136e-310,0
93,,,6.95136e-310,0
94,,,6.95136e-310,0
95,,,6.95136e-310,0
96,,,6.95136e-310,0
97,,,6.95136e-310,0
98,,,6.95136e-310,0
99,,,6.95136e-310,0
100,,,6.95136e-310,0
101,,,6.95136e-310,0
102,,,6.95136e-310,0
103,,,6.95136e-310,0
